hora,cpu,ram,disco,net_enviada,net_recibida
2026-05-12 19:35:45,4.2,63.0,22.7,503749551,2270388200
2026-05-12 19:35:46,2.3,63.0,22.7,503749551,2270388260
2026-05-11 19:35:47,2.4,63.0,22.7,503749633,2270389170
2026-05-11 19:35:48,1.1,63.0,22.7,503749633,2270389212
2026-05-11 19:35:49,2.6,63.0,22.7,503749633,2270389368
2026-05-11 19:35:50,1.4,63.0,22.7,503749633,2270389428
2026-05-11 19:35:51,2.3,63.0,22.7,503749633,2270389632
2026-05-11 19:35:52,3.8,63.0,22.7,503749723,2270389814
2026-05-11 19:35:53,3.6,63.0,22.7,503749723,2270389916
2026-05-11 19:35:54,3.2,63.0,22.7,503749805,2270390162
2026-05-11 19:35:55,2.8,63.0,22.7,503749805,2270390366
2026-05-11 19:35:56,3.4,63.0,22.7,503749805,2270390408
2026-05-11 19:35:57,2.7,63.0,22.7,503749805,2270390974
2026-05-11 19:35:58,1.6,63.0,22.7,503749860,2270391100
2026-05-11 19:35:59,2.0,63.0,22.7,503751853,2270400013
2026-05-11 19:36:00,1.5,63.0,22.7,503751853,2270400055
2026-05-11 19:36:01,4.8,63.0,22.7,503751853,2270400157
2026-05-11 19:36:02,3.5,63.0,22.7,503751853,2270400217
2026-05-11 19:36:03,2.0,63.0,22.7,503751853,2270400421
2026-05-11 19:36:04,3.9,63.0,22.7,503751853,2270400463
2026-05-11 19:36:05,22.3,63.3,22.7,503751853,2270400523
2026-05-11 19:36:06,8.5,64.1,22.7,503797154,2270413240
2026-05-11 19:36:07,8.1,64.2,22.7,503819226,2270464837
2026-05-11 19:36:08,15.6,64.6,22.7,503854821,2270498919
2026-05-11 19:36:09,4.9,64.6,22.7,503896317,2270505122
2026-05-11 19:36:10,5.4,64.6,22.7,503899530,2270508044
2026-05-11 19:36:11,16.5,63.9,22.7,503902665,2270517814
2026-05-11 19:36:12,4.0,63.9,22.7,503902665,2270517916
2026-05-11 19:36:13,2.8,63.9,22.7,503902665,2270517976
2026-05-11 19:36:14,5.2,63.9,22.7,503903060,2270518743
2026-05-11 19:36:15,4.6,63.8,22.7,503903115,2270518851
2026-05-11 19:36:16,4.6,63.7,22.7,503910572,2270525236
2026-05-11 19:36:17,22.2,63.9,22.7,503962606,2270528256
2026-05-11 19:36:18,22.4,63.7,22.7,503962606,2270528460
2026-05-11 19:36:19,8.6,63.7,22.7,503962784,2270528958
2026-05-11 19:36:20,10.8,63.5,22.7,503962784,2270529018
2026-05-11 19:36:21,9.8,63.3,22.7,503962784,2270529120
2026-05-11 19:42:19,6.8,75.5,22.7,523830929,2274240689
2026-05-11 19:42:20,3.2,75.5,22.7,523830929,2274240731
2026-05-11 19:42:21,5.4,75.6,22.7,523830929,2274240935
2026-05-11 19:42:22,5.0,75.5,22.7,523831019,2274241177
2026-05-11 19:42:23,3.9,76.1,22.7,523831019,2274241237
2026-05-11 19:42:24,7.2,75.7,22.7,523831451,2274241616
2026-05-11 19:42:25,3.4,75.7,22.7,523831735,2274242084
2026-05-11 19:42:26,3.0,75.6,22.7,523832050,2274242408
2026-05-11 19:42:27,2.9,75.6,22.7,523832121,2274243040
2026-05-11 19:42:28,2.1,75.6,22.7,523832247,2274243316
2026-05-11 19:42:29,3.1,75.6,22.7,523832337,2274243558
2026-05-11 19:42:30,3.1,75.6,22.7,523832337,2274243618
2026-05-11 19:42:31,1.4,75.6,22.7,523832337,2274243720
2026-05-11 19:42:32,1.1,75.6,22.7,523832408,2274243930
2026-05-11 19:42:33,3.1,75.6,22.7,523832408,2274244032
2026-05-11 19:42:34,2.3,75.6,22.7,523837267,2274251980
2026-05-11 19:42:35,2.7,75.6,22.7,523837901,2274257253
2026-05-11 19:42:36,4.9,75.6,22.7,523838046,2274259025
2026-05-11 19:42:37,3.8,75.6,22.7,523838136,2274259731
2026-05-11 19:42:38,4.5,75.6,22.7,523838207,2274259857
2026-05-11 19:42:39,4.4,75.5,22.7,523838207,2274259959
2026-05-11 19:42:40,3.4,75.5,22.7,523838207,2274260103
2026-05-11 19:42:41,3.5,75.5,22.7,523838349,2274260297
2026-05-11 19:42:42,3.9,75.5,22.7,523838349,2274260399
2026-05-11 19:42:43,4.9,75.5,22.7,523838349,2274260441
2026-05-11 19:42:44,2.0,75.4,22.7,523840270,2274266244
2026-05-11 19:42:45,5.0,75.4,22.7,523840270,2274266304
2026-05-11 19:42:46,2.3,75.4,22.7,523840406,2274266685
2026-05-11 19:42:47,3.1,75.7,22.7,523840477,2274267259
2026-05-11 19:42:48,5.2,75.8,22.7,523840532,2274267529
2026-05-11 19:42:49,8.4,76.2,22.7,523858217,2274268219
2026-05-11 19:42:50,39.2,76.4,22.7,523948601,2274303658
2026-05-11 19:42:51,15.8,76.5,22.7,523951311,2274349110
2026-05-11 19:42:52,9.6,76.5,22.7,523951311,2274349578
2026-05-11 19:42:53,11.0,76.4,22.7,523953240,2274350667
2026-05-11 19:42:54,12.3,76.4,22.7,523953738,2274351331
2026-05-11 19:42:55,9.8,76.4,22.7,523954022,2274351637
2026-05-11 19:42:56,9.0,76.4,22.7,523954164,2274352237
2026-05-11 19:42:57,10.3,76.1,22.7,523954325,2274353459
2026-05-11 19:42:58,8.2,76.1,22.7,523954396,2274357277
2026-05-11 19:42:59,8.3,75.8,22.7,523954396,2274358979
2026-05-11 19:43:00,6.7,75.7,22.7,523954485,2274359882
2026-05-11 19:43:01,2.2,75.6,22.7,523954485,2274361536
2026-05-11 19:43:02,2.5,75.7,22.7,523954556,2274361704
2026-05-11 19:43:03,3.9,75.7,22.7,523963236,2274367004
2026-05-11 19:43:04,2.7,75.7,22.7,523967370,2274375679
2026-05-11 19:43:05,3.3,75.6,22.7,523969552,2274384732
2026-05-11 19:43:06,1.1,75.6,22.7,523969850,2274386528
2026-05-11 19:43:07,4.2,75.6,22.7,523969850,2274387100
2026-05-11 19:43:08,1.5,75.6,22.7,523969992,2274387396
2026-05-11 19:43:09,1.6,75.6,22.7,523969992,2274387498
2026-05-11 19:43:10,5.5,75.6,22.7,523969992,2274387600
2026-05-11 19:43:11,3.1,75.6,22.7,523970063,2274387709
2026-05-11 19:43:12,2.9,75.6,22.7,523970153,2274388011
2026-05-11 19:43:13,3.0,75.6,22.7,523970208,2274388179
2026-05-11 19:43:14,2.1,75.6,22.7,523972339,2274394038
2026-05-11 19:43:15,2.4,75.6,22.7,523972339,2274394140
2026-05-11 19:43:16,1.8,75.6,22.7,523972339,2274394302
2026-05-11 19:43:17,2.0,75.6,22.7,523972339,2274394868
2026-05-11 19:43:18,2.7,75.6,22.7,523972410,2274394978
2026-05-11 19:43:19,2.7,75.5,22.7,523972410,2274395080
2026-05-11 19:43:20,3.4,75.5,22.7,523972410,2274395506
2026-05-11 19:43:21,1.7,75.4,22.7,523972410,2274395608
2026-05-11 19:43:22,2.8,75.4,22.7,523972500,2274395790
2026-05-11 19:43:23,2.6,75.4,22.7,523972500,2274395994
2026-05-11 19:43:24,1.3,75.4,22.7,523972861,2274396325
2026-05-11 19:43:25,2.7,75.4,22.7,523973145,2274396691
2026-05-11 19:43:26,4.4,75.4,22.7,523973369,2274397063
2026-05-11 19:43:27,2.6,75.4,22.7,523973440,2274397797
2026-05-11 19:43:28,2.3,75.4,22.7,523973440,2274397857
2026-05-11 19:43:29,2.5,75.4,22.7,523973601,2274398165
2026-05-11 19:43:30,3.3,75.4,22.7,523973601,2274398207
2026-05-11 19:43:31,1.9,75.5,22.7,523973656,2274398465
2026-05-11 19:43:32,3.2,75.5,22.7,523973727,2274398591
2026-05-11 19:43:33,2.7,75.5,22.7,523973782,2274398759
2026-05-11 19:43:34,4.8,75.5,22.7,523977011,2274402832
2026-05-11 19:43:35,3.7,75.5,22.7,523978829,2274407009
2026-05-11 19:43:36,3.8,75.5,22.7,523979324,2274413478
2026-05-11 19:43:37,5.0,75.5,22.7,523979485,2274414250
2026-05-11 19:43:38,8.3,76.2,22.7,524031691,2274422831
2026-05-11 19:43:39,10.8,76.4,22.7,524086573,2274491558
2026-05-11 19:43:40,14.2,76.4,22.7,524086644,2274491726
2026-05-11 19:43:41,9.2,76.4,22.7,524086644,2274491828
2026-05-11 19:43:42,35.7,76.6,22.7,524176247,2274496782
2026-05-11 19:43:43,12.3,76.4,22.7,524177902,2274517356
2026-05-11 19:43:44,8.0,76.4,22.7,524178606,2274517524
2026-05-11 19:43:45,7.5,76.5,22.7,524218393,2274544188
2026-05-11 19:43:46,6.6,76.5,22.7,524219878,2274547347
2026-05-11 19:43:47,5.0,76.5,22.7,524286895,2274549542
2026-05-11 19:43:48,5.1,76.4,22.7,524287055,2274549863
2026-05-11 19:43:49,7.1,76.3,22.7,524777578,2274574125
2026-05-11 19:43:50,4.6,76.2,22.7,524779450,2274589060
2026-05-11 19:43:51,2.6,75.9,22.7,525263583,2274597588
2026-05-11 19:43:52,4.9,75.6,22.7,525263673,2274597830
2026-05-11 19:43:53,3.6,75.7,22.7,525697076,2274606615
2026-05-11 19:43:54,4.7,75.7,22.7,525697537,2274607316
2026-05-11 19:43:55,3.9,75.6,22.7,526181929,2274615693
2026-05-11 19:43:56,3.4,75.6,22.7,526182196,2274616286
2026-05-11 19:43:57,3.8,75.7,22.7,526798455,2274620562
2026-05-11 19:43:58,4.5,75.6,22.7,526798888,2274629629
2026-05-11 19:43:59,5.7,75.6,22.7,527148865,2274629895
2026-05-11 19:44:00,7.1,75.6,22.7,527149116,2274636388
2026-05-11 19:44:01,4.6,75.8,22.7,527149116,2274636430
2026-05-11 19:44:02,6.4,75.7,22.7,527166188,2274637267
2026-05-11 19:44:03,5.6,75.7,22.7,527172920,2274641415
2026-05-11 19:44:04,4.2,75.7,22.7,527178230,2274647632
2026-05-11 19:44:05,3.7,75.8,22.7,527546019,2274655803
2026-05-11 19:44:06,4.2,75.8,22.7,527548215,2274666230
2026-05-11 19:44:07,3.9,75.8,22.7,527981811,2274674017
2026-05-11 19:44:08,4.6,75.8,22.7,527981882,2274674185
2026-05-11 19:44:09,5.4,75.8,22.7,528714479,2274674227
2026-05-11 19:44:10,5.3,75.7,22.7,528715127,2274687643
2026-05-11 19:44:11,5.0,75.7,22.7,528715127,2274687745
2026-05-11 19:44:12,4.5,75.7,22.7,529464908,2274698967
2026-05-11 19:44:13,4.3,75.7,22.7,529464962,2274699132
2026-05-11 19:44:14,5.5,75.7,22.7,530398236,2274716590
2026-05-11 19:44:15,3.3,75.7,22.7,530400133,2274722043
2026-05-11 19:44:16,3.3,75.7,22.7,530883388,2274730999
2026-05-11 19:44:17,3.0,75.7,22.7,530883443,2274731571
2026-05-11 19:44:18,4.1,75.7,22.7,531383811,2274740119
2026-05-11 19:44:19,3.8,75.6,22.7,531384979,2274740452
2026-05-11 19:44:20,3.5,75.6,22.7,531885236,2274747979
2026-05-11 19:44:21,5.5,75.6,22.7,531885236,2274748123
2026-05-11 19:44:22,5.9,75.6,22.7,532501889,2274753706
2026-05-11 19:44:23,29.5,75.8,22.7,532501943,2274753808
2026-05-11 19:44:24,4.2,75.8,22.7,533234772,2274753989
2026-05-11 19:44:25,4.1,75.8,22.7,533235776,2274767900
2026-05-11 19:44:26,3.7,75.4,22.7,533236071,2274768398
2026-05-11 19:44:27,3.0,75.5,22.7,533687417,2274778203
2026-05-11 19:44:28,6.2,75.5,22.7,533687417,2274778245
2026-05-11 19:44:29,5.5,75.5,22.7,534170802,2274787115
2026-05-11 19:44:30,2.5,75.5,22.7,534170802,2274787277
2026-05-11 19:44:31,6.2,75.3,22.7,534787420,2274797536
2026-05-11 19:44:32,3.1,75.3,22.7,534787491,2274797646
2026-05-11 19:44:33,5.0,75.2,22.7,535405297,2274808772
2026-05-11 19:44:34,4.7,75.2,22.7,535408626,2274813142
2026-05-11 19:44:35,2.7,75.3,22.7,536092250,2274821164
2026-05-11 19:44:36,8.2,75.4,22.7,536098388,2274833557
2026-05-11 19:44:37,5.2,75.6,22.7,536315809,2274842944
2026-05-11 19:44:38,4.0,75.6,22.7,536315809,2274843046
2026-05-11 19:44:39,3.5,75.6,22.7,536315880,2274843214
2026-05-11 19:44:40,4.1,75.6,22.7,536315880,2274843256
2026-05-11 19:44:41,5.7,75.6,22.7,536317035,2274843757
2026-05-11 19:44:42,3.7,75.6,22.7,536317106,2274843979
2026-05-11 19:44:43,6.4,75.6,22.7,536318120,2274844081
2026-05-11 19:44:44,4.1,75.6,22.7,536318326,2274844495
2026-05-11 19:44:45,4.4,75.5,22.7,536319807,2274848292
2026-05-11 19:44:46,5.9,75.5,22.7,536686974,2274853097
2026-05-11 19:44:47,3.6,75.5,22.7,536686974,2274853663
2026-05-11 19:44:48,4.7,75.5,22.7,537370017,2274864650
2026-05-11 19:44:49,4.9,75.5,22.7,537370017,2274864812
2026-05-11 19:44:50,4.7,75.5,22.7,537886719,2274873840
2026-05-11 19:44:51,3.5,75.4,22.7,537886719,2274873942
2026-05-11 19:44:52,3.0,75.4,22.7,538504443,2274887596
2026-05-11 19:44:53,4.1,75.4,22.7,538504586,2274888105
2026-05-11 19:44:54,5.5,75.5,22.7,539370621,2274888551
2026-05-11 19:44:55,5.6,75.5,22.7,539371498,2274904019
2026-05-11 19:44:56,3.5,75.4,22.7,539799860,2274904319
2026-05-11 19:44:57,5.5,75.4,22.7,539921577,2274911752
2026-05-11 19:44:58,3.2,75.4,22.7,539921577,2274911854
2026-05-11 19:44:59,5.7,75.4,22.7,540538301,2274922758
2026-05-11 19:45:00,4.9,75.3,22.7,540538301,2274922860
2026-05-11 19:45:01,6.8,75.4,22.7,541204542,2274933419
2026-05-11 19:45:02,2.9,75.4,22.7,541204613,2274933587
2026-05-11 19:45:03,5.4,75.4,22.7,541696014,2274947676
2026-05-11 19:45:04,3.5,75.4,22.7,541699999,2274954024
2026-05-11 19:45:05,4.9,75.5,22.7,542572416,2274982174
2026-05-11 19:45:06,10.7,75.5,22.7,542572822,2274984092
2026-05-11 19:45:07,7.9,75.4,22.7,543058289,2275001470
2026-05-11 19:45:08,29.6,75.6,22.7,543058343,2275001925
2026-05-11 19:45:09,5.9,75.6,22.7,543541470,2275006591
2026-05-11 19:45:10,4.8,75.6,22.7,543541928,2275009855
2026-05-11 19:45:11,5.5,75.2,22.7,543541928,2275009897
2026-05-11 19:45:12,2.3,75.2,22.7,543541999,2275010125
2026-05-11 19:45:13,5.7,75.2,22.7,543559157,2275010789
2026-05-11 19:45:14,3.8,75.2,22.7,543559391,2275011206
2026-05-11 19:45:15,4.6,75.2,22.7,543559983,2275011464
2026-05-11 19:45:16,6.8,75.1,22.7,543561814,2275017085
2026-05-11 19:45:17,2.1,75.1,22.7,544245231,2275027271
2026-05-11 19:45:18,5.6,75.1,22.7,544245302,2275027439
2026-05-11 19:45:19,4.7,75.1,22.7,544845450,2275038073
2026-05-11 19:45:20,4.3,75.0,22.7,544845450,2275038235
2026-05-11 19:45:21,3.6,75.0,22.7,545278898,2275047080
2026-05-11 19:45:22,2.8,75.0,22.7,545278988,2275047322
2026-05-11 19:45:23,4.5,75.0,22.7,545445917,2275050227
2026-05-11 19:45:24,3.5,75.0,22.7,545446062,2275050528
2026-05-11 19:45:25,3.4,75.0,22.7,545446420,2275050960
2026-05-11 19:45:26,5.8,75.0,22.7,545446770,2275051386
2026-05-11 19:45:27,3.2,75.1,22.7,545446912,2275052084
2026-05-11 19:45:28,4.4,75.1,22.7,546129652,2275062541
2026-05-11 19:45:29,4.0,75.1,22.7,546130030,2275063182
2026-05-11 19:45:30,4.8,75.1,22.7,546480344,2275068751
2026-05-11 19:45:31,2.0,75.1,22.7,546480452,2275069329
2026-05-11 19:45:32,3.8,75.0,22.7,546713994,2275072506
2026-05-11 19:45:33,5.4,75.0,22.7,546713994,2275072608
2026-05-11 19:45:34,6.3,75.0,22.7,546717157,2275076540
2026-05-11 19:45:35,3.7,75.0,22.7,546817754,2275078712
2026-05-11 19:45:36,5.0,75.0,22.7,546817970,2275080504
2026-05-11 19:45:37,3.3,75.0,22.7,546820026,2275090249
2026-05-11 19:45:38,4.8,75.0,22.7,547237084,2275102059
2026-05-11 19:45:39,3.6,75.0,22.7,547237155,2275103881
2026-05-11 19:45:40,6.6,75.0,22.7,547887084,2275115067
2026-05-11 19:45:41,2.7,75.0,22.7,547887084,2275116763
2026-05-11 19:45:42,4.5,75.1,22.7,548453424,2275116871
2026-05-11 19:45:43,4.0,75.0,22.7,548453856,2275125592
2026-05-11 19:45:44,3.1,75.0,22.7,548454008,2275127771
2026-05-11 19:45:45,9.9,75.3,22.7,548815022,2275134577
2026-05-11 19:45:46,32.5,75.8,22.7,549002534,2275144146
2026-05-11 19:45:47,7.7,75.8,22.7,549002912,2275146270
2026-05-11 19:45:48,9.9,75.6,22.7,549003254,2275147568
2026-05-11 19:45:49,28.8,76.0,22.7,549269991,2275152525
2026-05-11 19:45:50,8.4,75.9,22.7,549270099,2275152998
2026-05-11 19:45:51,8.2,75.9,22.7,549353757,2275155145
2026-05-11 19:45:52,7.9,75.7,22.7,549353973,2275156093
2026-05-11 19:45:53,11.3,75.8,22.7,549354279,2275157181
2026-05-11 19:45:54,21.4,76.4,22.7,549522151,2275162314
2026-05-11 19:45:55,31.2,76.8,22.7,549522779,2275163809
2026-05-11 19:45:56,11.8,76.8,22.7,549740547,2275168010
2026-05-11 19:45:57,6.6,76.4,22.7,549740994,2275169906
2026-05-11 19:45:58,38.1,76.8,22.7,549741210,2275170875
2026-05-11 19:45:59,13.8,76.5,22.7,549908195,2275175371
2026-05-11 19:46:00,8.7,76.6,22.7,549908339,2275175779
2026-05-11 19:46:01,7.9,76.4,22.7,550008643,2275178710
2026-05-11 19:46:02,5.5,76.4,22.7,550008893,2275179610
2026-05-11 19:46:03,6.5,76.5,22.7,550016457,2275184217
2026-05-11 19:46:04,7.7,76.4,22.7,550100196,2275187796
2026-05-11 19:46:05,7.1,75.7,22.7,550100250,2275188065
2026-05-11 19:46:06,36.0,76.1,22.7,550200655,2275190864
2026-05-11 19:46:07,7.8,76.2,22.7,550202606,2275198270
2026-05-11 19:46:08,9.3,76.2,22.7,550203382,2275204282
2026-05-11 19:46:09,32.5,76.4,22.7,550436902,2275208896
2026-05-11 19:46:10,12.4,76.5,22.7,550457443,2276012872
2026-05-11 19:46:11,11.6,76.7,22.7,550477577,2276133359
2026-05-11 19:46:12,36.6,76.6,22.7,550744373,2276138887
2026-05-11 19:46:13,12.4,76.2,22.7,550744563,2276139965
2026-05-11 19:46:14,8.6,76.3,22.7,550879068,2276143165
2026-05-11 19:46:15,4.5,76.3,22.7,550879176,2276143700
2026-05-11 19:46:16,7.0,76.3,22.7,550880765,2276147811
2026-05-11 19:46:17,4.9,76.4,22.7,550965027,2276152266
2026-05-11 19:46:18,4.2,76.4,22.7,550965135,2276152852
2026-05-11 19:46:19,14.5,76.8,22.7,551099053,2276159363
2026-05-11 19:46:20,30.1,77.3,22.7,551099466,2276161085
2026-05-11 19:46:21,8.9,77.4,22.7,551099790,2276163000
2026-05-11 19:46:22,7.2,77.1,22.7,551349929,2276167952
2026-05-11 19:46:23,39.3,77.3,22.7,551350145,2276169173
2026-05-11 19:46:24,9.8,76.9,22.7,551350361,2276170756
2026-05-11 19:46:25,12.3,77.0,22.7,551583818,2276175005
2026-05-11 19:46:26,4.5,76.8,22.7,551584008,2276175730
2026-05-11 19:46:27,12.6,77.2,22.7,551701290,2276179151
2026-05-11 19:46:28,39.4,77.3,22.7,551701398,2276179895
2026-05-11 19:46:29,13.9,77.6,22.7,551801678,2276181835
2026-05-11 19:46:30,14.5,77.8,22.7,551802002,2276184210
2026-05-11 19:46:31,12.5,77.9,22.7,551802326,2276185524
2026-05-11 19:46:32,35.0,78.2,22.7,552019914,2276190558
2026-05-11 19:46:33,8.9,77.9,22.7,552029393,2276198295
2026-05-11 19:46:34,12.7,78.1,22.7,552229730,2276204020
2026-05-11 19:46:35,8.9,78.3,22.7,552230054,2276206137
2026-05-11 19:46:36,12.0,79.0,22.7,552233385,2276209145
2026-05-11 19:46:37,10.8,79.3,22.7,552533378,2276215359
2026-05-11 19:46:38,13.7,79.9,22.7,552535477,2276225037
2026-05-11 19:46:39,17.6,80.3,22.7,552535855,2276226681
2026-05-11 19:46:40,18.6,80.6,22.7,552739954,2276235786
2026-05-11 19:46:41,21.6,80.5,22.7,552796931,2276243952
2026-05-11 19:46:42,13.9,80.7,22.7,552797434,2276246247
2026-05-11 19:46:43,17.5,81.1,22.7,552850973,2276249436
2026-05-11 19:46:44,12.4,81.4,22.7,552851063,2276249618
2026-05-11 19:46:45,15.4,81.7,22.7,552902572,2276250932
2026-05-11 19:46:46,21.8,82.0,22.7,552905322,2276251674
2026-05-11 19:46:47,22.1,81.9,22.7,552907462,2276260224
2026-05-11 19:46:48,17.6,81.8,22.7,552907587,2276260455
2026-05-11 19:46:49,12.4,81.9,22.7,552907587,2276260617
2026-05-11 19:46:50,21.0,80.0,22.7,552907587,2276260719
2026-05-11 19:46:51,18.0,80.0,22.7,552907587,2276260821
2026-05-11 19:46:52,9.5,68.0,22.7,552907587,2276260863
2026-05-11 19:46:53,17.2,65.8,22.7,552907669,2276261157
2026-05-11 19:46:54,10.3,58.7,22.7,552908892,2276261642
2026-05-11 19:46:55,7.0,58.8,22.7,552908892,2276261744
2026-05-11 19:46:56,3.9,58.8,22.7,552908892,2276261786
2026-05-11 19:46:57,3.5,58.8,22.7,552908892,2276262412
2026-05-11 19:46:58,31.5,58.9,22.7,552908892,2276262514
2026-05-11 19:46:59,4.8,58.9,22.7,552908892,2276262616
2026-05-11 19:47:00,5.9,58.9,22.7,552909974,2276262908
2026-05-11 19:47:01,4.3,58.9,22.7,552910386,2276263400
2026-05-11 19:47:02,4.0,58.9,22.7,552910760,2276263906
2026-05-11 19:47:03,3.1,58.9,22.7,552910831,2276264074
2026-05-11 19:47:04,15.8,58.8,22.7,552910902,2276264242
2026-05-11 19:47:05,11.0,58.9,22.7,552910973,2276264410
2026-05-11 19:47:06,4.7,58.9,22.7,552912117,2276264821
2026-05-11 19:47:07,2.5,58.9,22.7,552912117,2276265327
2026-05-11 19:47:08,3.7,58.9,22.7,552913670,2276269214
2026-05-11 19:47:09,35.7,59.0,22.7,552914282,2276274426
2026-05-11 19:47:10,6.1,59.1,22.7,552917382,2276278434
2026-05-11 19:47:11,4.9,59.1,22.7,552917737,2276278820
2026-05-11 19:47:12,3.1,59.1,22.7,552918024,2276280682
2026-05-11 19:47:13,3.0,59.2,22.7,552918248,2276281049
2026-05-11 19:47:14,1.8,59.2,22.7,552918400,2276281376
2026-05-11 19:47:15,3.5,59.2,22.7,552918471,2276281486
2026-05-11 19:47:16,3.2,59.2,22.7,552918471,2276281648
2026-05-11 19:47:17,5.8,59.2,22.7,552920422,2276287673
2026-05-11 19:47:18,3.5,59.1,22.7,552920493,2276287843
2026-05-11 19:47:19,2.8,59.1,22.7,552920493,2276287885
2026-05-11 19:47:20,3.8,59.1,22.7,552920493,2276288047
2026-05-11 19:47:21,15.5,59.6,22.7,552974031,2276299463
2026-05-11 19:47:22,13.1,59.8,22.7,552978566,2276368792
2026-05-11 19:47:23,5.1,59.9,22.7,553069751,2276377704
2026-05-11 19:47:24,8.0,59.9,22.7,553069751,2276377908
2026-05-11 19:47:25,8.0,59.9,22.7,553071050,2276378310
2026-05-11 19:47:26,16.8,58.8,22.7,553088598,2276379371
2026-05-11 19:47:27,8.0,58.8,22.7,553088669,2276379945
2026-05-11 19:47:28,5.3,58.8,22.7,553088759,2276380247
2026-05-11 19:47:29,4.0,58.8,22.7,553106133,2276380913
2026-05-11 19:47:31,4.7,58.7,22.7,553106207,2276381088
2026-05-11 19:47:31,7.6,58.7,22.7,553106711,2276381593
2026-05-11 19:47:32,7.1,58.7,22.7,553162615,2276387787
2026-05-11 19:47:33,37.6,58.9,22.7,553163106,2276388361
2026-05-11 19:47:34,10.0,59.0,22.7,553163464,2276390225
2026-05-11 19:47:35,8.7,58.9,22.7,553164707,2276390460
2026-05-11 19:47:36,8.0,59.0,22.7,553167369,2276393438
2026-05-11 19:47:37,7.9,58.7,22.7,553167440,2276394070
2026-05-11 19:47:38,26.2,58.8,22.7,553167511,2276394112
2026-05-11 19:47:39,28.7,59.2,22.7,553169340,2276402739
2026-05-11 19:47:40,26.4,59.2,22.7,553169543,2276403017
2026-05-11 19:47:41,31.1,60.2,22.7,553170307,2276404467
2026-05-11 19:47:42,9.9,59.9,22.7,553170307,2276404509
2026-05-11 19:47:44,4.5,59.9,22.7,553170549,2276405078
2026-05-11 19:47:45,4.3,59.9,22.7,553170549,2276405180
2026-05-11 19:47:46,3.1,59.9,22.7,553170631,2276405354
2026-05-11 19:47:47,2.7,59.9,22.7,553172183,2276409681
2026-05-11 19:50:21,11.5,63.2,22.7,558715031,2277697493
2026-05-11 19:50:26,3.2,63.2,22.7,558718620,2277702264
2026-05-11 19:50:28,2.8,63.2,22.7,558719008,2277704832
2026-05-11 19:50:29,3.5,63.2,22.7,558719079,2277705042
2026-05-11 19:50:30,2.2,63.2,22.7,558719079,2277705144
2026-05-11 19:50:31,1.5,63.2,22.7,558719079,2277705246
2026-05-11 19:50:32,2.5,63.2,22.7,558719079,2277705348
2026-05-11 19:50:33,2.4,63.2,22.7,558719150,2277705516
2026-05-11 19:50:34,3.8,63.2,22.7,558719232,2277705750
2026-05-11 19:50:35,5.2,63.3,22.7,558719322,2277705992
2026-05-11 19:50:36,3.9,63.1,22.7,558719322,2277706094
2026-05-11 19:50:37,4.0,63.1,22.7,558719322,2277706196
2026-05-11 19:50:38,2.2,63.1,22.7,558719432,2277706894
2026-05-11 19:50:39,4.6,63.1,22.7,558719613,2277707194
2026-05-11 19:50:40,2.0,63.1,22.7,558719696,2277707362
2026-05-11 19:50:41,2.2,63.1,22.7,558719696,2277707464
2026-05-11 19:50:42,2.8,63.1,22.7,558721681,2277716297
2026-05-11 19:50:43,3.7,63.1,22.7,558721681,2277716399
2026-05-11 19:50:44,3.4,63.1,22.7,558721681,2277716501
2026-05-11 19:50:45,1.6,63.1,22.7,558722123,2277717039
2026-05-11 19:50:46,4.5,63.1,22.7,558722495,2277717999
2026-05-11 19:50:47,5.3,63.1,22.7,558723122,2277718695
2026-05-11 19:50:48,3.4,63.1,22.7,558724457,2277745165
2026-05-11 19:50:49,5.8,63.1,22.7,558725322,2277758869
2026-05-11 19:50:50,5.7,63.1,22.7,558727377,2277763413
2026-05-11 19:50:51,5.6,63.1,22.7,558728582,2277772205
2026-05-11 19:50:52,2.0,63.1,22.7,558728921,2277772646
2026-05-11 19:50:53,1.6,63.1,22.7,558729158,2277772946
2026-05-11 19:50:54,4.4,63.1,22.7,558729295,2277773246
2026-05-11 19:50:55,3.2,63.1,22.7,558732918,2277779315
2026-05-11 19:50:56,13.1,63.6,22.7,558781819,2277786085
2026-05-11 19:50:57,9.9,63.7,22.7,558783914,2277809683
2026-05-11 19:50:58,7.5,63.9,22.7,559084650,2277816318
2026-05-11 19:50:59,6.3,63.9,22.7,559085071,2277817035
2026-05-11 19:51:00,6.8,63.8,22.7,559086380,2277817416
2026-05-11 19:51:01,7.4,63.7,22.7,559503155,2277824702
2026-05-11 19:51:02,8.8,63.7,22.7,559503939,2277832396
2026-05-11 19:51:03,6.5,63.7,22.7,559506317,2277866493
2026-05-11 19:51:04,5.8,63.7,22.7,560198623,2277884898
2026-05-11 19:51:05,7.8,63.6,22.7,560198875,2277886362
2026-05-11 19:51:06,7.1,63.6,22.7,560767530,2277924113
2026-05-11 19:51:07,8.1,63.6,22.7,560769438,2277958562
2026-05-11 19:51:08,7.2,63.5,22.7,561502785,2277972713
2026-05-11 19:51:09,7.8,63.3,22.7,561504919,2278000485
2026-05-11 19:51:10,7.1,63.2,22.7,561588948,2278002138
2026-05-11 19:51:11,9.5,63.3,22.7,561589602,2278003894
2026-05-11 19:51:12,8.6,63.2,22.7,561591395,2278007996
2026-05-11 19:51:13,7.8,63.3,22.7,561592838,2278013195
2026-05-11 19:51:14,7.8,63.3,22.7,561593101,2278013660
2026-05-11 19:51:15,6.3,63.4,22.7,561593446,2278014034
2026-05-11 19:51:16,8.3,63.3,22.7,561593804,2278014536
2026-05-11 19:51:17,6.9,63.4,22.7,561594017,2278014836
2026-05-11 20:17:19,6.3,58.1,22.7,632069304,2290099149
2026-05-11 20:17:20,3.8,58.1,22.7,632069304,2290099715
2026-05-11 20:17:21,2.9,58.1,22.7,632069521,2290100162
2026-05-11 20:17:22,1.5,58.1,22.7,632069611,2290100344
2026-05-11 20:17:23,2.6,58.1,22.7,632069611,2290100506
2026-05-11 20:17:24,5.3,58.2,22.7,632069611,2290100608
2026-05-11 20:17:25,4.6,58.2,22.7,632069611,2290100710
2026-05-11 20:17:26,3.2,58.2,22.7,632069611,2290100752
2026-05-11 20:17:27,26.5,58.4,22.7,632069611,2290100914
2026-05-11 20:17:28,9.2,58.4,22.7,632069611,2290101016
2026-05-11 20:17:29,3.2,58.5,22.7,632069693,2290101250
2026-05-11 20:17:30,3.9,58.5,22.7,632069783,2290101956
2026-05-11 20:17:31,3.7,58.4,22.7,632069783,2290102058
2026-05-11 20:17:32,3.0,58.4,22.7,632069838,2290102226
2026-05-11 20:17:33,2.4,58.3,22.7,632069838,2290102328
2026-05-11 20:17:34,3.0,58.3,22.7,632069838,2290102430
2026-05-11 20:17:35,4.5,58.3,22.7,632069838,2290102532
2026-05-11 20:17:36,1.7,58.3,22.7,632069920,2290102766
2026-05-11 20:17:37,4.8,58.2,22.7,632070010,2290103008
2026-05-11 20:17:38,3.5,58.1,22.7,632070010,2290103110
2026-05-11 20:17:39,8.7,58.1,22.7,632070010,2290103212
2026-05-11 20:17:40,3.1,58.1,22.7,632070010,2290103778
2026-05-11 20:17:41,2.2,58.1,22.7,632070010,2290103880
2026-05-11 20:17:42,18.8,58.3,22.7,632070010,2290103982
2026-05-11 20:17:43,5.8,58.4,22.7,632070010,2290104084
2026-05-11 20:17:44,4.4,58.3,22.7,632070162,2290104351
2026-05-11 20:17:45,5.9,58.3,22.7,632070162,2290104453
2026-05-11 20:17:46,4.8,58.3,22.7,632070162,2290104555
2026-05-11 20:17:47,5.3,58.3,22.7,632070162,2290104657
2026-05-11 20:17:48,1.4,58.3,22.7,632070217,2290104825
2026-05-11 20:17:49,3.3,58.2,22.7,632070299,2290105059
2026-05-11 20:17:50,3.7,58.2,22.7,632070299,2290105625
2026-05-11 20:17:51,2.6,58.2,22.7,632070299,2290105727
2026-05-11 20:17:52,2.6,58.2,22.7,632070389,2290105969
2026-05-11 20:17:53,3.7,58.3,22.7,632070389,2290106011
2026-05-11 20:17:54,4.8,58.3,22.7,632070389,2290106173
2026-05-11 20:17:55,2.6,58.2,22.7,632070389,2290106275
2026-05-11 20:17:56,2.8,58.2,22.7,632070471,2290106509
2026-05-11 20:17:57,22.4,58.2,22.7,632070471,2290106551
2026-05-11 20:17:58,9.1,58.1,22.7,632070471,2290106713
2026-05-11 20:17:59,3.0,58.1,22.7,632070471,2290106815
2026-05-11 20:18:00,2.1,58.1,22.7,632070561,2290107521
2026-05-11 20:18:01,4.2,58.2,22.7,632070561,2290107605
2026-05-11 20:18:02,3.2,58.2,22.7,632070561,2290107767
2026-05-11 20:18:03,2.1,58.2,22.7,632070644,2290108880
2026-05-11 20:18:04,2.9,58.2,22.7,632070644,2290108982
2026-05-11 20:18:05,2.1,58.2,22.7,632070644,2290109024
2026-05-11 20:18:06,3.1,58.2,22.7,632070699,2290109252
2026-05-11 20:18:07,3.3,58.2,22.7,632070789,2290109494
2026-05-11 20:18:08,4.4,58.2,22.7,632070789,2290109596
2026-05-11 20:18:09,2.4,58.2,22.7,632070871,2290110013
2026-05-11 20:18:10,3.8,58.2,22.7,632070871,2290110639
2026-05-11 20:18:11,3.0,58.2,22.7,632070871,2290110741
2026-05-11 20:18:12,18.0,58.7,22.7,632074149,2290114800
2026-05-11 20:26:12,5.4,64.4,22.7,652053232,2302212618
2026-05-11 20:26:13,3.8,64.4,22.7,652053232,2302212720
2026-05-11 20:26:14,3.3,64.3,22.7,652053322,2302213004
2026-05-11 20:26:15,3.1,64.2,22.7,652053377,2302213160
2026-05-11 20:26:16,3.1,64.1,22.7,652053377,2302213220
2026-05-11 20:26:17,3.6,63.9,22.7,652053467,2302213522
2026-05-11 20:26:18,1.9,63.9,22.7,652053467,2302213666
2026-05-11 20:26:19,3.9,63.8,22.7,652054148,2302214445
2026-05-11 20:26:20,5.4,63.9,22.7,652079550,2302224146
2026-05-11 20:26:21,2.2,63.9,22.7,652079948,2302226496
2026-05-11 20:26:22,5.1,63.9,22.7,652080520,2302227340
2026-05-11 20:26:23,16.7,64.0,22.7,652080574,2302227496
2026-05-11 20:26:24,3.7,64.0,22.7,652080737,2302227780
2026-05-11 20:26:25,3.5,64.0,22.7,652080979,2302228186
2026-05-11 20:26:26,3.7,64.0,22.7,652081180,2302228516
2026-05-11 20:26:27,2.2,63.9,22.7,652081235,2302228684
2026-05-11 20:26:28,1.8,63.9,22.7,652081479,2302229038
2026-05-11 20:26:29,3.1,63.9,22.7,652081624,2302229346
2026-05-11 20:26:30,2.2,63.9,22.7,652081624,2302229490
2026-05-11 20:26:31,2.9,63.9,22.7,652081624,2302230056
2026-05-11 20:26:32,4.0,63.9,22.7,652081714,2302230256
2026-05-11 20:26:33,3.1,63.9,22.7,652081714,2302230358
2026-05-11 20:26:34,3.4,63.8,22.7,652081769,2302230568
2026-05-11 20:26:35,3.6,63.8,22.7,652081769,2302230628
2026-05-11 20:26:36,3.0,63.8,22.7,652081769,2302230730
2026-05-11 20:26:37,4.5,63.8,22.7,652081859,2302230972
